-0.026904 0.00030994
0.026369 0.00042416
0.050186 0.00072712
0.053839 0.0020726
0.056336 0.0050361
0.061458 0.0088599
0.065620 0.012575
0.069782 0.016407
0.073331 0.020034
0.078107 0.023556
0.082269 0.027257
0.086431 0.030972
0.090593 0.034681
0.093794 0.037335
0.094835 0.038986
0.098303 0.042318
0.10308 0.045901
0.10724 0.049616
0.11140 0.053325
0.11556 0.057060
0.11973 0.060775
0.12389 0.064490
0.12805 0.068308
0.13221 0.072174
0.13495 0.075523
0.13958 0.077315
0.13999 0.079498
0.14374 0.082528
0.14886 0.086164
0.15456 0.089621
0.15779 0.091984
0.16195 0.094134
0.16611 0.096284
0.17565 0.099161
0.17860 0.10180
0.18276 0.10395
0.19230 0.10682
0.19524 0.10946
0.19941 0.11161
0.20894 0.11449
0.21189 0.11712
0.21605 0.11927
0.22559 0.12215
0.22698 0.12481
0.23270 0.12675
0.24224 0.12951
0.24519 0.13226
0.24779 0.13436
0.28109 0.13623
0.32687 0.13806
0.36470 0.13775
0.38722 0.13573
0.41219 0.13374
0.43546 0.13183
0.46165 0.12983
0.48711 0.12776
0.51208 0.12575
0.53705 0.12375
0.56202 0.12183
0.58907 0.11993
0.61821 0.11788
0.64526 0.11597
0.66815 0.11402
0.68711 0.11204
0.70769 0.11007
0.73021 0.10788
0.75521 0.10572
0.80134 0.10404
0.84504 0.10216
0.87570 0.099883
0.90539 0.097784
0.93292 0.095822
0.96331 0.093993
1.0024 0.091696
1.0427 0.089474
1.0864 0.087375
1.1281 0.085442
1.1697 0.083499
1.2113 0.081548
1.2529 0.079721
1.2945 0.077823
1.3362 0.075952
1.3799 0.073986
1.4256 0.072309
1.4714 0.070932
1.5172 0.069563
1.5630 0.068186
1.6046 0.066632
1.6275 0.064617
1.6530 0.062667
1.6816 0.060557
1.7103 0.058465
1.7362 0.056430
1.7648 0.054319
1.7935 0.052207
1.8148 0.050037
1.8294 0.048088
1.8460 0.046083
1.8627 0.043944
1.8793 0.041750
1.8936 0.039662
1.9126 0.037417
1.9292 0.035234
1.9459 0.033073
1.9625 0.030935
1.9810 0.028682
2.0038 0.026294
2.0319 0.025692
2.0708 0.025454
2.1165 0.025066
2.1623 0.024669
2.2081 0.024280
2.2539 0.023875
2.2997 0.023462
2.3454 0.023065
2.3912 0.022676
2.4370 0.022279
2.4828 0.021890
2.5286 0.021501
2.5744 0.021104
2.6201 0.020716
2.6659 0.020294
2.7117 0.019897
2.7575 0.019500
2.8033 0.019112
2.8491 0.018715
2.8948 0.018326
2.9406 0.017937
2.9864 0.017532
3.0322 0.017143
3.0780 0.016722
3.1237 0.016333
3.1695 0.015936
3.2153 0.015547
3.2611 0.015150
3.3069 0.014762
3.3527 0.014373
3.3984 0.013976
3.4442 0.013555
3.4900 0.013158
3.5358 0.012769
3.5816 0.012372
3.6274 0.011983
3.6731 0.011586
3.7189 0.011197
3.7647 0.010808
3.8105 0.010403
3.8563 0.0099822
3.9020 0.0095933
3.9478 0.0092045
3.9936 0.0088238
4.0394 0.0084187
4.0852 0.0080218
4.1310 0.0076330
4.1767 0.0072441
4.2225 0.0068148
4.2683 0.0064179
4.3141 0.0060290
4.3599 0.0056402
4.4056 0.0052433
4.4514 0.0048544
4.4972 0.0044575
4.5430 0.0040687
4.5888 0.0036636
4.6346 0.0032505
4.6803 0.0028536
4.7261 0.0024647
4.7719 0.0020759
4.8177 0.0016790
4.8635 0.0012901
4.9093 0.00094989
4.9550 0.00069067
4.9900 0.00045089
5.0123 0.00017621
