0.40972 7.3988e-14
0.41348 7.0390e-14
0.44018 8.3976e-14
0.45714 8.3976e-14
0.47912 9.5502e-14
0.49772 1.0481e-13
0.53498 1.1434e-13
0.54182 1.0398e-13
0.55069 1.0996e-13
0.58590 1.0648e-13
0.60958 1.1981e-13
0.66302 1.2923e-13
0.73499 1.3999e-13
0.81612 1.4437e-13
0.87817 1.4158e-13
0.94175 1.2309e-13
1.0162 1.1837e-13
1.0811 1.1434e-13
1.1078 1.1010e-13
1.1100 1.0398e-13
1.1557 1.0426e-13
1.1642 1.0564e-13
1.1898 8.2658e-14
1.1958 9.3224e-14
1.1999 9.2587e-14
1.2423 9.9948e-14
1.2592 9.9948e-14
1.2996 7.9222e-14
1.3492 8.2396e-14
1.3856 7.5766e-14
1.4205 7.2138e-14
1.4514 6.4038e-14
1.5003 6.6754e-14
