0.019566 5.1917e-14
0.055323 1.2210e-13
0.067243 1.2236e-13
0.077459 2.8196e-13
0.085973 2.8196e-13
0.089378 3.4832e-13
0.097892 5.3157e-13
0.10641 5.3157e-13
0.11662 9.5055e-13
0.12684 9.5055e-13
0.13535 9.5055e-13
0.14557 4.1908e-13
0.15749 4.1687e-13
0.18643 2.6958e-13
0.20857 3.3784e-12
0.21708 2.6525e-11
0.22730 2.6525e-11
0.23922 2.6525e-11
0.24944 4.3949e-13
0.25795 5.4292e-13
0.26646 5.4292e-13
0.27668 6.5667e-13
0.28690 6.5667e-13
0.29711 7.7764e-13
0.30733 7.7764e-13
0.31584 8.9216e-13
0.32606 8.9688e-13
0.33798 1.0322e-12
0.35841 1.1138e-12
0.37714 1.2914e-12
0.40439 1.4379e-12
0.43674 1.5954e-12
0.48782 1.9243e-12
0.56615 2.3837e-12
0.64788 2.8553e-12
0.73302 3.2661e-12
0.81815 3.6393e-12
0.89761 3.8677e-12
0.90414 3.8657e-12
0.97651 3.9639e-12
0.98635 3.9820e-12
1.0429 4.0555e-12
1.0717 4.1095e-12
1.1093 4.1296e-12
1.1434 4.1661e-12
1.1757 4.2051e-12
1.2081 4.2104e-12
1.2421 4.1956e-12
1.2762 4.2327e-12
1.3085 4.2242e-12
1.3409 4.2514e-12
1.3750 4.2909e-12
1.4090 4.3003e-12
1.4414 4.2949e-12
1.4737 4.3041e-12
1.5299 4.3537e-12
1.5404 4.3209e-12
1.5963 4.3460e-12
1.6273 4.3262e-12
1.6627 4.3262e-12
1.7010 4.3079e-12
1.7325 4.3307e-12
1.7764 4.3029e-12
1.7972 4.3079e-12
1.8578 4.2093e-12
1.8636 4.2178e-12
1.9300 4.3537e-12
1.9461 4.2708e-12
1.9965 4.2626e-12
2.0265 4.2178e-12
2.0629 4.2178e-12
2.1036 4.1503e-12
2.1293 4.1296e-12
2.1812 4.1159e-12
2.1957 4.1296e-12
2.2621 4.0862e-12
2.2660 4.0394e-12
2.3285 3.9587e-12
2.3530 3.9524e-12
2.3949 3.9587e-12
2.4298 3.8831e-12
2.4613 3.8352e-12
2.5081 3.7908e-12
2.5277 3.7550e-12
2.5900 3.6979e-12
2.5941 3.6764e-12
2.6588 3.5995e-12
2.6789 3.6013e-12
2.7269 3.5057e-12
2.7643 3.4872e-12
2.7916 3.4872e-12
2.8389 3.3685e-12
2.8597 3.2730e-12
2.9204 3.2437e-12
2.9244 3.2386e-12
2.9926 3.1375e-12
3.0087 3.1015e-12
3.0590 3.0396e-12
3.0890 2.9650e-12
3.1254 2.8984e-12
3.1661 2.8736e-12
3.1918 2.8529e-12
3.2438 2.7348e-12
3.2582 2.6776e-12
3.3246 2.5849e-12
3.3285 2.5717e-12
3.3910 2.4347e-12
3.4155 2.4205e-12
3.4574 2.3587e-12
3.4923 2.2922e-12
3.5238 2.2373e-12
3.5706 2.1732e-12
3.5902 2.1221e-12
3.6525 2.0172e-12
3.6566 2.0129e-12
3.7230 1.9026e-12
3.7404 1.8823e-12
3.7894 1.8159e-12
3.8302 1.7516e-12
3.8559 1.6998e-12
3.9078 1.6186e-12
3.9223 1.6123e-12
3.9887 1.4973e-12
3.9925 1.5089e-12
4.0551 1.4203e-12
4.0796 1.3767e-12
4.1215 1.3330e-12
4.1563 1.2898e-12
4.1879 1.2413e-12
4.2347 1.1886e-12
4.2543 1.1619e-12
4.3166 1.0934e-12
4.3207 1.0905e-12
4.3888 1.0074e-12
4.4049 9.9350e-13
4.4535 9.5055e-13
4.4901 9.1405e-13
4.5216 8.7812e-13
4.5655 8.4277e-13
4.5863 8.2418e-13
4.6441 7.7032e-13
4.6544 7.5337e-13
4.7191 7.1460e-13
4.7293 7.0106e-13
4.7873 6.5841e-13
4.8122 6.3134e-13
4.8520 5.9867e-13
4.8885 5.7416e-13
4.9201 5.6041e-13
4.9640 5.2444e-13
4.9848 5.0822e-13
5.0120 4.9236e-13
