0.350 5.23e-14
0.381 6.08e-14
0.420 7.20e-14
0.451 8.27e-14
0.471 8.65e-14
0.500 1.02e-13
0.520 1.02e-13
0.541 1.19e-13
0.570 1.36e-13
0.590 1.38e-13
0.626 1.60e-13
0.665 1.60e-13
0.699 1.89e-13
0.730 2.24e-13
0.752 2.24e-13
0.802 2.44e-13
0.841 2.77e-13
0.885 2.94e-13
0.945 2.85e-13
1.00 3.10e-13
1.05 3.15e-13
1.09 3.10e-13
1.15 3.30e-13
1.22 3.35e-13
1.29 3.26e-13
1.36 3.09e-13
1.43 2.84e-13
1.50 2.72e-13
1.56 2.61e-13
1.63 2.48e-13
1.70 2.39e-13
1.77 2.17e-13
1.84 2.20e-13
1.90 1.92e-13
1.95 1.91e-13
2.00 1.67e-13
2.00 1.80e-13
2.04 1.74e-13
2.06 1.66e-13
2.09 1.55e-13
2.13 1.70e-13
2.18 1.46e-13
2.24 1.36e-13
2.30 1.25e-13
2.37 1.19e-13
2.42 1.20e-13
2.44 1.21e-13
2.47 1.03e-13
2.51 1.16e-13
2.56 9.72e-14
2.62 9.29e-14
2.68 8.90e-14
2.75 8.62e-14
2.82 7.37e-14
2.86 7.13e-14
2.88 7.13e-14
2.92 5.90e-14
2.97 5.13e-14
2.99 5.80e-14
3.03 5.89e-14
