0.013849 5.1492e-14
0.039241 5.9327e-14
0.059181 1.0523e-13
0.071084 1.0523e-13
0.080600 2.4531e-13
0.090081 5.9657e-13
0.10028 5.9657e-13
0.11846 1.1516e-12
0.13885 1.1618e-12
0.16003 4.4834e-13
0.18938 2.6088e-13
0.21442 3.0541e-11
0.22632 3.0541e-11
0.23823 3.0541e-11
0.26023 5.2544e-13
0.27876 6.4926e-13
0.29907 7.3715e-13
0.31763 8.8240e-13
0.32783 8.8240e-13
0.33959 1.0452e-12
0.35826 1.0996e-12
0.37687 1.2379e-12
0.39715 1.4356e-12
0.43789 1.5762e-12
0.49895 1.8957e-12
0.56348 2.1189e-12
0.63145 2.2399e-12
0.69943 2.3491e-12
0.76746 2.3355e-12
0.83551 2.2293e-12
0.90359 2.0789e-12
0.97167 1.9275e-12
1.0398 1.7468e-12
1.1079 1.5723e-12
1.1538 1.4596e-12
1.1811 1.4205e-12
1.2304 1.3212e-12
1.2662 1.2644e-12
1.2883 1.2379e-12
1.3173 1.1741e-12
1.3411 1.1321e-12
1.3701 1.0760e-12
1.4007 1.0574e-12
1.4330 1.0125e-12
1.4654 9.8087e-13
1.4994 9.7055e-13
1.5334 9.3329e-13
1.5658 8.7723e-13
1.5981 8.7496e-13
1.6321 8.3517e-13
1.6661 8.2813e-13
1.6985 7.9288e-13
1.7308 7.7146e-13
1.7648 7.5931e-13
1.7989 7.4028e-13
1.8312 7.4587e-13
1.8635 7.4499e-13
1.8975 7.2172e-13
1.9298 7.0910e-13
1.9622 6.7091e-13
1.9962 6.6455e-13
2.0302 6.7733e-13
2.0625 6.6315e-13
2.0949 6.5478e-13
2.1289 6.2898e-13
2.1629 6.4447e-13
2.1952 6.4698e-13
2.2275 6.2898e-13
2.2615 6.2699e-13
2.2955 6.2699e-13
2.3279 6.2163e-13
2.3602 6.0292e-13
2.3942 5.9720e-13
2.4282 6.0292e-13
2.4605 5.7929e-13
2.4929 5.7185e-13
2.5269 5.8408e-13
2.5609 5.8470e-13
2.5932 5.7185e-13
2.6255 5.7793e-13
2.6595 5.6823e-13
2.6935 5.6166e-13
2.7259 5.5464e-13
2.7582 5.4816e-13
2.7922 5.4816e-13
2.8262 5.5399e-13
2.8602 5.4874e-13
2.8925 5.3291e-13
2.9249 5.0903e-13
2.9589 5.0474e-13
2.9929 5.0048e-13
3.0269 4.9313e-13
3.0593 4.8394e-13
3.0916 4.8588e-13
3.1256 4.5551e-13
3.1596 4.5599e-13
3.1919 4.5471e-13
3.2243 4.4175e-13
3.2583 4.2165e-13
3.2923 4.1414e-13
3.3247 4.0333e-13
3.3570 3.9073e-13
3.3910 3.8580e-13
3.4250 3.9488e-13
3.4574 3.8210e-13
3.4897 3.7375e-13
3.5237 3.5076e-13
3.5578 3.3837e-13
3.5901 3.2911e-13
3.6224 3.2572e-13
3.6565 3.1555e-13
3.6905 3.1289e-13
3.7228 3.0742e-13
3.7551 2.9802e-13
3.7892 2.9520e-13
3.8232 2.7851e-13
3.8555 2.7365e-13
3.8879 2.7096e-13
3.9219 2.5918e-13
3.9559 2.4765e-13
3.9883 2.4531e-13
4.0206 2.3992e-13
4.0546 2.3316e-13
4.0887 2.2635e-13
4.1210 2.1759e-13
4.1533 2.1064e-13
4.1874 2.0406e-13
4.2214 1.9664e-13
4.2537 1.9255e-13
4.2861 1.8910e-13
4.3201 1.8850e-13
4.3541 1.7859e-13
4.3864 1.7404e-13
4.4188 1.6886e-13
4.4528 1.6585e-13
4.4869 1.5401e-13
4.5192 1.4867e-13
4.5532 1.4992e-13
4.5873 1.3887e-13
4.6196 1.3565e-13
4.6519 1.3156e-13
4.6860 1.2596e-13
4.7200 1.2420e-13
4.7524 1.1922e-13
4.7847 1.1226e-13
4.8187 1.0936e-13
4.8528 1.0748e-13
4.8851 1.0259e-13
4.9191 9.9386e-14
4.9532 9.6281e-14
4.9855 9.2683e-14
5.0093 9.2096e-14
