0.0000E+01  0.0000E+00
1.50 0.00480
2.12 0.00855
1.81 0.00625
2.42 0.0115
2.73 0.0139
3.04 0.0164
3.35 0.0189
3.66 0.0215
4.05 0.0242
4.28 0.0269
4.59 0.0299
4.90 0.0348
4.59 0.0326
5.21 0.0397
4.90 0.0374
5.52 0.0447
5.21 0.0424
5.83 0.0497
5.52 0.0474
6.14 0.0547
5.83 0.0524
6.45 0.0597
6.14 0.0574
6.76 0.0647
6.45 0.0624
7.07 0.0697
6.76 0.0674
7.38 0.0747
7.07 0.0724
7.69 0.0797
7.38 0.0774
8.00 0.0848
7.69 0.0824
8.31 0.0899
8.00 0.0876
8.62 0.0949
8.31 0.0926
8.92 0.0999
8.62 0.0976
9.23 0.105
8.92 0.103
9.54 0.110
9.23 0.108
9.85 0.115
9.54 0.113
10.2 0.120
9.85 0.118
10.5 0.125
10.2 0.122
10.8 0.128
11.1 0.132
11.5 0.135
11.7 0.138
12.0 0.141
12.3 0.144
12.6 0.147
12.9 0.150
13.3 0.153
13.6 0.155
14.2 0.158
14.8 0.161
15.4 0.164
16.0 0.167
16.8 0.170
19.0 0.172
19.8 0.173
21.8 0.171
22.9 0.168
23.6 0.165
24.2 0.163
24.9 0.161
25.3 0.159
25.9 0.156
26.6 0.153
27.2 0.149
27.8 0.146
28.4 0.143
29.0 0.139
29.7 0.135
30.3 0.131
30.9 0.127
31.5 0.124
32.1 0.120
32.8 0.116
33.4 0.113
34.0 0.109
34.6 0.106
35.2 0.103
35.9 0.0999
36.5 0.0970
37.1 0.0942
37.7 0.0916
38.6 0.0890
39.6 0.0860
40.0 0.0839
41.1 0.0812
42.0 0.0788
43.0 0.0764
43.9 0.0742
45.0 0.0717
46.2 0.0691
47.5 0.0667
48.7 0.0644
50.1 0.0620
51.6 0.0596
53.2 0.0573
54.7 0.0551
56.4 0.0530
58.3 0.0507
60.3 0.0485
62.5 0.0463
64.8 0.0441
67.4 0.0419
70.2 0.0396
73.2 0.0375
76.4 0.0352
79.8 0.0332
83.2 0.0311
86.6 0.0291
90.0 0.0271
93.4 0.0255
96.8 0.0239
100 0.0222
104 0.0208
107 0.0195
110 0.0182
114 0.0171
117 0.0160
121 0.0150
124 0.0140
127 0.0131
131 0.0122
134 0.0114
138 0.0107
141 0.0100
144 0.00933
148 0.00870
151 0.00812
155 0.00756
158 0.00715
162 0.00661
165 0.00614
168 0.00563
172 0.00522
175 0.00485
179 0.00448
182 0.00409
185 0.00383
189 0.00348
192 0.00322
196 0.00296
199 0.00267
202 0.00240
206 0.00220
209 0.00196
213 0.00180
216 0.00161
219 0.00144
223 0.00129
226 0.00115
230 0.00100
233 0.000950
236 0.000860
240 0.000696
243 0.000551
247 0.000596
250 0.000526
253 0.000351
257 0.000351
260 0.000351
264 0.000287
267 0.000251
270 0.000251
274 0.000251
277 0.000251
281 0.000251
284 0.000251
287 0.000251
291 0.000251
294 0.000251
298 0.000251
302 0.000251
305 0.000251
309 0.000251
312 0.000251
316 0.000251
319 0.000251
322 0.000251
326 0.000251
329 0.000251
333 0.000251
336 0.000251
339 0.000251
343 0.000251
346 0.000251
349 0.000251
352 0.0000E+00
357 0.0000E+00
362 0.0000E+00
366 0.0000E+00
371 0.0000E+00
376 0.0000E+00
380 0.0000E+00
385 0.0000E+00
390 0.0000E+00
395 0.0000E+00
399 0.0000E+00
404 0.0000E+00
409 0.0000E+00
414 0.0000E+00
418 0.0000E+00
423 0.0000E+00
428 0.0000E+00
433 0.0000E+00
437 0.0000E+00
442 0.0000E+00
447 0.0000E+00
451 0.0000E+00
456 0.0000E+00
461 0.0000E+00
466 0.0000E+00
470 0.0000E+00
475 0.0000E+00
480 0.0000E+00
485 0.0000E+00
489 0.0000E+00
494 0.0000E+00
497 0.0000E+00
4.9875E+03  0.0000E+00
5.0125E+03  0.0000E+00
5.0375E+03  0.0000E+00
5.0625E+03  0.0000E+00
5.0875E+03  0.0000E+00
5.1125E+03  0.0000E+00
5.1375E+03  0.0000E+00
5.1625E+03  0.0000E+00
5.1875E+03  0.0000E+00
5.2125E+03  0.0000E+00
5.2375E+03  0.0000E+00
5.2625E+03  0.0000E+00
5.2875E+03  0.0000E+00
5.3125E+03  0.0000E+00
5.3375E+03  0.0000E+00
5.3625E+03  0.0000E+00
5.3875E+03  0.0000E+00
5.4125E+03  0.0000E+00
5.4375E+03  0.0000E+00
5.4625E+03  0.0000E+00
5.4875E+03  0.0000E+00
5.5125E+03  0.0000E+00
5.5375E+03  0.0000E+00
5.5625E+03  0.0000E+00
5.5875E+03  0.0000E+00

